manhattan

25 80 25
0

0     0    0.5
0     80   0.5
0     160  0.5
0     240  0.5
0     300  0.5
275   0    0.5
275   80   0.5
275   160  0.5
275   240  0.5
275   300  0.5
550   0    0.5
550   80   0.5
550   160  0.5
550   240  0.5
550   300  0.5
825   0    0.5
825   80   0.5
825   160  0.5
825   240  0.5
825   300  0.5
1100  0    0.5
1100  80   0.5
1100  160  0.5
1100  240  0.5
1100  300  0.5

0 1 25
1 2 25
2 3 25
3 4 25
5 6 25
6 7 25
7 8 25
8 9 25
10 11 25
11 12 25
12 13 25
13 14 25
15 16 25
16 17 25
17 18 25
18 19 25
20 21 25
21 22 25
22 23 25
23 24 25
0 5 25
5 10 25
10 15 25
15 20 25
1 6 25
6 11 25
11 16 25
16 21 25
2 7 25
7 12 25
12 17 25
17 22 25
3 8 25
8 13 25
13 18 25
18 23 25
4 9 25
9 14 25
14 19 25
19 24 25
1 0 25
2 1 25
3 2 25
4 3 25
6 5 25
7 6 25
8 7 25
9 8 25
11 10 25
12 11 25
13 12 25
14 13 25
16 15 25
17 16 25
18 17 25
19 18 25
21 20 25
22 21 25
23 22 25
24 23 25
5 0 25
10 5 25
15 10 25
20 15 25
6 1 25
11 6 25
16 11 25
21 16 25
7 2 25
12 7 25
17 12 25
22 17 25
8 3 25
13 8 25
18 13 25
23 18 25
9 4 25
14 9 25
19 14 25
24 19 25


0 1 2 3 4 5 6 7 8 9 10 11 12 13 14 15 16 17 18 19 20 21 22 23 24
